90	0.002397287715614108
100	0.001352399477243798
110	0.0017441763744171464
120	0.0015194868555519294
130	0.0017845924416597483
140	0.0015868195155946498
150	0.0014224497968084809
160	0.0022472455050068212
170	0.0017497393154216724
180	0.0018645571121443064
190	0.001711429580572506
200	0.0015777993901177647
210	0.0016690121044186412
220	0.0017441763744171462
230	0.0016255205057560008
240	0.0015194868555519292
250	0.0025320658149564257
260	0.0017845924416597483
270	0.001680973450692941
280	0.0017190544752275373
290	0.0016260536244775395
300	0.0016595247629432276
310	0.0016880153772947082
320	0.001819198742148379
330	0.0016306840766336808
340	0.001652531575676024
350	0.0017640104411054509
360	0.0018645571121443062
370	0.0019553495649856736
380	0.0019559195206542922
390	0.0017206099964130442
400	0.0016529326944090864
410	0.0017339908694818603
420	0.0015994699334011978
430	0.0017419055345561458
440	0.0018087754993955589
450	0.001683144581758221
460	0.0016255205057560005
470	0.0016874196214580791
480	0.0016883187283910325
490	0.0017429706412913977
500	0.0018462979900723939
510	0.0018914920787513221
520	0.0017350204293914216
530	0.0016353240437153667
540	0.0017276671576566336
550	0.0016781455392131488
560	0.0017631327951051663
570	0.0017143586711022335
580	0.0017511346725142731
590	0.0015420095489807183
600	0.0015804997742316453
610	0.0016935941148135774
620	0.0016505039244659365
630	0.001755462027861471
640	0.0017478576150053052
650	0.0017054299750210301
660	0.0017326018314232858
670	0.0016586219856624903
680	0.0017497393154216724
690	0.0017413791309104705
700	0.0017330628895071095
710	0.0017853133357888127
720	0.0018053648228698836
730	0.0018531928384727414
740	0.0019270111654931276
750	0.001914188932932036
760	0.001928753971756316
770	0.001942420719817673
780	0.001877029086996048
790	0.0017373152502750254
800	0.0017280659987004084
810	0.0016698183291341563
820	0.0016858244564406974
830	0.001677370634549816
840	0.0017153735517636032
850	0.0017289978216919115
860	0.0017195734123182465
870	0.001776058364289793
880	0.001744176374417146
890	0.0017343681592570043
900	0.0017454832699714885
Ignoring ratios before cross over point: 9
Sorted ratios are: 0.001352399477243798, 0.0014224497968084809, 0.0015194868555519292, 0.0015194868555519294, 0.0015420095489807183, 0.0015777993901177647, 0.0015804997742316453, 0.0015868195155946498, 0.0015994699334011978, 0.0016255205057560005, 0.0016255205057560008, 0.0016260536244775395, 0.0016306840766336808, 0.0016353240437153667, 0.0016505039244659365, 0.001652531575676024, 0.0016529326944090864, 0.0016586219856624903, 0.0016595247629432276, 0.0016690121044186412, 0.0016698183291341563, 0.001677370634549816, 0.0016781455392131488, 0.001680973450692941, 0.001683144581758221, 0.0016858244564406974, 0.0016874196214580791, 0.0016880153772947082, 0.0016883187283910325, 0.0016935941148135774, 0.0017054299750210301, 0.001711429580572506, 0.0017143586711022335, 0.0017153735517636032, 0.0017190544752275373, 0.0017195734123182465, 0.0017206099964130442, 0.0017276671576566336, 0.0017280659987004084, 0.0017289978216919115, 0.0017326018314232858, 0.0017330628895071095, 0.0017339908694818603, 0.0017343681592570043, 0.0017350204293914216, 0.0017373152502750254, 0.0017413791309104705, 0.0017419055345561458, 0.0017429706412913977, 0.001744176374417146, 0.0017441763744171462, 0.0017441763744171464, 0.0017454832699714885, 0.0017478576150053052, 0.0017497393154216724, 0.0017497393154216724, 0.0017511346725142731, 0.001755462027861471, 0.0017631327951051663, 0.0017640104411054509, 0.001776058364289793, 0.0017845924416597483, 0.0017845924416597483, 0.0017853133357888127, 0.0018053648228698836, 0.0018087754993955589, 0.001819198742148379, 0.0018462979900723939, 0.0018531928384727414, 0.0018645571121443062, 0.0018645571121443064, 0.001877029086996048, 0.0018914920787513221, 0.001914188932932036, 0.0019270111654931276, 0.001928753971756316, 0.001942420719817673, 0.0019553495649856736, 0.0019559195206542922, 0.0022472455050068212, 0.002397287715614108, 0.0025320658149564257, 
Maximum ratio is: 0.0025320658149564257
Average ratio is: 0.0017471073721337914