90	7.990959052047027E-4
100	6.76199738621899E-4
110	0.001162784249611431
120	5.064956185173098E-4
130	4.4614811041493707E-4
140	0.0011901146366959873
150	7.112248984042404E-4
160	9.631052164314948E-4
170	8.748696577108362E-4
180	7.990959052047027E-4
190	7.334698202453597E-4
200	9.015996514958655E-4
210	6.258795391569904E-4
220	5.813921248057154E-4
230	5.418401685853337E-4
240	5.064956185173098E-4
250	4.7476234030432985E-4
260	4.4614811041493707E-4
270	4.2024336267323524E-4
280	3.9670487889866246E-4
290	5.003241921469352E-4
300	4.741499322694936E-4
310	4.501374339452555E-4
320	4.280467628584421E-4
330	5.095887739480252E-4
340	4.8603869872824236E-4
350	4.6421327397511863E-4
360	5.327306034698017E-4
370	5.100911908658279E-4
380	4.889798801635731E-4
390	4.69257271749012E-4
400	4.5079982574793264E-4
410	4.334977173704651E-4
420	4.1725302610466023E-4
430	4.689745669958854E-4
440	3.875947498704769E-4
450	4.987095057061396E-4
460	5.418401685853334E-4
470	4.6549506798843564E-4
480	3.939410366245742E-4
490	4.902104928632056E-4
500	4.220109691594043E-4
510	5.112140753381952E-4
520	4.957201226832633E-4
530	4.3287989392465587E-4
540	3.735496557095424E-4
550	4.5355284843598615E-4
560	4.407831987762916E-4
570	4.714486345531142E-4
580	4.1693682678911267E-4
590	4.0579198657387323E-4
600	3.9512494355791134E-4
610	4.6188930404006656E-4
620	4.876488867740267E-4
630	4.7543763254581504E-4
640	4.6371732642997896E-4
650	4.5246101378108964E-4
660	4.4164360408828853E-4
670	4.6441415598549727E-4
680	4.2123353889781E-4
690	4.432601424135743E-4
700	4.6421327397511863E-4
710	5.44671865155909E-4
720	4.439421695581681E-4
730	5.212104858204585E-4
740	5.384295903583738E-4
750	4.993536346779224E-4
760	5.161454290615494E-4
770	5.3217006022402E-4
780	4.69257271749012E-4
790	4.854263199297865E-4
800	4.507998257479326E-4
810	4.4201073418257075E-4
820	4.3349771737046503E-4
830	4.2524889326615053E-4
840	4.4043374977714136E-4
850	5.004993694371322E-4
860	4.689745669958854E-4
870	4.8238622239969687E-4
880	4.952599581678316E-4
890	5.076199490508305E-4
900	4.779299429683837E-4
Ignoring ratios before cross over point: 9
Sorted ratios are: 3.735496557095424E-4, 3.875947498704769E-4, 3.939410366245742E-4, 3.9512494355791134E-4, 3.9670487889866246E-4, 4.0579198657387323E-4, 4.1693682678911267E-4, 4.1725302610466023E-4, 4.2024336267323524E-4, 4.2123353889781E-4, 4.220109691594043E-4, 4.2524889326615053E-4, 4.280467628584421E-4, 4.3287989392465587E-4, 4.3349771737046503E-4, 4.334977173704651E-4, 4.4043374977714136E-4, 4.407831987762916E-4, 4.4164360408828853E-4, 4.4201073418257075E-4, 4.432601424135743E-4, 4.439421695581681E-4, 4.4614811041493707E-4, 4.4614811041493707E-4, 4.501374339452555E-4, 4.507998257479326E-4, 4.5079982574793264E-4, 4.5246101378108964E-4, 4.5355284843598615E-4, 4.6188930404006656E-4, 4.6371732642997896E-4, 4.6421327397511863E-4, 4.6421327397511863E-4, 4.6441415598549727E-4, 4.6549506798843564E-4, 4.689745669958854E-4, 4.689745669958854E-4, 4.69257271749012E-4, 4.69257271749012E-4, 4.714486345531142E-4, 4.741499322694936E-4, 4.7476234030432985E-4, 4.7543763254581504E-4, 4.779299429683837E-4, 4.8238622239969687E-4, 4.854263199297865E-4, 4.8603869872824236E-4, 4.876488867740267E-4, 4.889798801635731E-4, 4.902104928632056E-4, 4.952599581678316E-4, 4.957201226832633E-4, 4.987095057061396E-4, 4.993536346779224E-4, 5.003241921469352E-4, 5.004993694371322E-4, 5.064956185173098E-4, 5.064956185173098E-4, 5.076199490508305E-4, 5.095887739480252E-4, 5.100911908658279E-4, 5.112140753381952E-4, 5.161454290615494E-4, 5.212104858204585E-4, 5.3217006022402E-4, 5.327306034698017E-4, 5.384295903583738E-4, 5.418401685853334E-4, 5.418401685853337E-4, 5.44671865155909E-4, 5.813921248057154E-4, 6.258795391569904E-4, 6.76199738621899E-4, 7.112248984042404E-4, 7.334698202453597E-4, 7.990959052047027E-4, 7.990959052047027E-4, 8.748696577108362E-4, 9.015996514958655E-4, 9.631052164314948E-4, 0.001162784249611431, 0.0011901146366959873, 
Maximum ratio is: 0.0011901146366959873
Average ratio is: 5.206066282222434E-4